450.458701 105.732266 -98.722635 -163.549798 -11.999744 -28.993986 138.994339 16.679140 27.253659 12.741887
105.732266 1049.059459 -301.362165 -706.043768 70.685985 89.084507 277.908072 -87.894547 19.778090 -70.381478
-98.722635 -301.362165 520.618509 392.473370 5.856989 -27.934874 -150.931266 14.228680 18.691073 15.198812
-163.549798 -706.043768 392.473370 1294.819674 53.399482 -121.995399 -257.047107 51.888005 31.216087 131.413822
-11.999744 70.685985 5.856989 53.399482 494.019101 6.728452 31.109587 -29.750625 106.073762 80.387927
-28.993986 89.084507 -27.934874 -121.995399 6.728452 434.217019 97.864614 71.131243 52.911159 -17.984287
138.994339 277.908072 -150.931266 -257.047107 31.109587 97.864614 700.075813 153.297201 161.892725 52.709175
16.679140 -87.894547 14.228680 51.888005 -29.750625 71.131243 153.297201 547.334003 132.216158 46.082915
27.253659 19.778090 18.691073 31.216087 106.073762 52.911159 161.892725 132.216158 550.305232 112.544010
12.741887 -70.381478 15.198812 131.413822 80.387927 -17.984287 52.709175 46.082915 112.544010 471.388971
