450.458701056 105.732265850 -98.722635493 -163.549798052 -11.999743749 -28.993986035 138.994338729 16.679139785 27.253658884 12.741887328
105.732265850 1049.059458689 -301.362165488 -706.043767879 70.685984541 89.084506623 277.908071656 -87.894547485 19.778090096 -70.381477593
-98.722635493 -301.362165488 520.618508581 392.473370138 5.856989470 -27.934874416 -150.931265722 14.228679993 18.691073473 15.198811698
-163.549798052 -706.043767879 392.473370138 1294.819673834 53.399481525 -121.995398608 -257.047107065 51.888004884 31.216087135 131.413821662
-11.999743749 70.685984541 5.856989470 53.399481525 494.019101059 6.728451666 31.109586772 -29.750624657 106.073762353 80.387927064
-28.993986035 89.084506623 -27.934874416 -121.995398608 6.728451666 434.217019053 97.864614463 71.131242579 52.911159447 -17.984287179
138.994338729 277.908071656 -150.931265722 -257.047107065 31.109586772 97.864614463 700.075812702 153.297200693 161.892725245 52.709174644
16.679139785 -87.894547485 14.228679993 51.888004884 -29.750624657 71.131242579 153.297200693 547.334003208 132.216157651 46.082914575
27.253658884 19.778090096 18.691073473 31.216087135 106.073762353 52.911159447 161.892725245 132.216157651 550.305232094 112.544009646
12.741887328 -70.381477593 15.198811698 131.413821662 80.387927064 -17.984287179 52.709174644 46.082914575 112.544009646 471.388971489
