450.458701055545 105.732265850370 -98.722635492594 -163.549798051523 -11.999743749093 -28.993986035096 138.994338729428 16.679139785042 27.253658883794 12.741887327995
105.732265850370 1049.059458689496 -301.362165487708 -706.043767879277 70.685984540549 89.084506622504 277.908071655912 -87.894547484774 19.778090096340 -70.381477592711
-98.722635492594 -301.362165487708 520.618508581476 392.473370138189 5.856989470386 -27.934874416469 -150.931265722376 14.228679992997 18.691073472900 15.198811697903
-163.549798051523 -706.043767879277 392.473370138189 1294.819673833924 53.399481525433 -121.995398608142 -257.047107065020 51.888004884073 31.216087134523 131.413821661528
-11.999743749093 70.685984540549 5.856989470386 53.399481525433 494.019101059297 6.728451665743 31.109586772122 -29.750624657312 106.073762353438 80.387927063736
-28.993986035096 89.084506622504 -27.934874416469 -121.995398608142 6.728451665743 434.217019053482 97.864614462674 71.131242578840 52.911159447057 -17.984287178551
138.994338729428 277.908071655912 -150.931265722376 -257.047107065020 31.109586772122 97.864614462674 700.075812701570 153.297200693146 161.892725244805 52.709174644269
16.679139785042 -87.894547484774 14.228679992997 51.888004884073 -29.750624657312 71.131242578840 153.297200693146 547.334003207538 132.216157650956 46.082914574811
27.253658883794 19.778090096340 18.691073472900 31.216087134523 106.073762353438 52.911159447057 161.892725244805 132.216157650956 550.305232093930 112.544009645976
12.741887327995 -70.381477592711 15.198811697903 131.413821661528 80.387927063736 -17.984287178551 52.709174644269 46.082914574811 112.544009645976 471.388971489140
